9559 78754
0 1 231
1 0 231
1 2 452
2 1 452
3 1 305
1 3 305
4 5 168
5 4 168
6 7 706
7 6 706
8 4 151
4 8 151
9 4 664
4 9 664
6 8 86
8 6 86
10 6 302
6 10 302
11 6 630
6 11 630
12 10 259
10 12 259
13 10 467
10 13 467
14 15 108
15 14 108
12 3 507
3 12 507
16 12 338
12 16 338
16 13 223
13 16 223
17 16 128
16 17 128
18 11 741
11 18 741
13 11 256
11 13 256
19 13 713
13 19 713
20 17 563
17 20 563
19 18 324
18 19 324
21 19 374
19 21 374
22 12 1123
12 22 1123
23 17 1012
17 23 1012
24 3 1332
3 24 1332
25 22 129
22 25 129
20 19 290
19 20 290
26 20 59
20 26 59
27 20 51
20 27 51
27 26 86
26 27 86
28 26 309
26 28 309
29 30 553
30 29 553
28 21 324
21 28 324
31 28 420
28 31 420
32 28 290
28 32 290
33 32 443
32 33 443
34 14 343
14 34 343
9 34 111
34 9 111
35 9 724
9 35 724
36 18 397
18 36 397
37 36 516
36 37 516
38 36 120
36 38 120
39 38 494
38 39 494
21 38 221
38 21 221
40 21 492
21 40 492
41 37 316
37 41 316
39 37 221
37 39 221
42 39 436
39 42 436
43 44 77
44 43 77
45 40 205
40 45 205
45 31 86
31 45 86
46 31 303
31 46 303
47 45 430
45 47 430
40 39 324
39 40 324
48 40 409
40 48 409
48 49 260
49 48 260
50 48 435
48 50 435
42 41 111
41 42 111
51 41 514
41 51 514
52 42 460
42 52 460
49 42 211
42 49 211
53 49 365
49 53 365
51 52 205
52 51 205
54 35 46
35 54 46
55 54 1216
54 55 1216
54 52 452
52 54 452
56 57 225
57 56 225
58 59 640
59 58 640
60 59 161
59 60 161
57 58 565
58 57 565
61 58 59
58 61 59
62 61 223
61 62 223
63 62 108
62 63 108
64 62 277
62 64 277
65 63 564
63 65 564
66 67 281
67 66 281
68 67 237
67 68 237
66 61 260
61 66 260
63 66 303
66 63 303
69 66 410
66 69 410
59 70 256
70 59 256
71 70 70
70 71 70
72 71 80
71 72 80
70 73 133
73 70 133
74 75 111
75 74 111
75 76 93
76 75 93
77 75 476
75 77 476
76 71 102
71 76 102
72 76 75
76 72 75
78 72 75
72 78 75
74 79 275
79 74 275
80 79 648
79 80 648
79 81 274
81 79 274
67 60 257
60 67 257
68 82 38
82 68 38
83 78 125
78 83 125
69 68 222
68 69 222
84 65 453
65 84 453
85 65 223
65 85 223
65 69 306
69 65 306
86 69 328
69 86 328
83 68 202
68 83 202
87 83 57
83 87 57
86 87 181
87 86 181
84 86 181
86 84 181
88 84 799
84 88 799
89 84 181
84 89 181
90 91 70
91 90 70
92 91 325
91 92 325
93 90 496
90 93 496
94 90 194
90 94 194
95 96 240
96 95 240
96 97 64
97 96 64
97 98 127
98 97 127
99 100 496
100 99 496
91 101 426
101 91 426
102 101 121
101 102 121
101 103 85
103 101 85
103 95 351
95 103 351
93 102 247
102 93 247
104 102 993
102 104 993
105 93 212
93 105 212
81 92 154
92 81 154
94 92 302
92 94 302
106 77 447
77 106 447
107 77 604
77 107 604
80 94 306
94 80 306
105 94 583
94 105 583
107 80 387
80 107 387
108 80 647
80 108 647
106 78 866
78 106 866
109 106 316
106 109 316
110 107 281
107 110 281
109 87 907
87 109 907
111 109 264
109 111 264
108 105 317
105 108 317
112 105 345
105 112 345
113 110 432
110 113 432
114 110 285
110 114 285
115 108 306
108 115 306
116 117 478
117 116 478
118 112 166
112 118 166
119 112 453
112 119 453
115 107 540
107 115 540
113 115 258
115 113 258
120 113 290
113 120 290
121 114 238
114 121 238
120 114 453
114 120 453
111 86 886
86 111 886
88 111 278
111 88 278
122 88 280
88 122 280
123 88 222
88 123 222
121 111 303
111 121 303
122 121 305
121 122 305
124 121 454
121 124 454
125 122 561
122 125 561
126 122 195
122 126 195
124 120 264
120 124 264
127 120 432
120 127 432
128 129 274
129 128 274
130 129 195
129 130 195
131 132 379
132 131 379
133 132 972
132 133 972
129 131 221
131 129 221
134 131 929
131 134 929
132 135 375
135 132 375
136 135 1209
135 136 1209
135 137 85
137 135 85
138 139 326
139 138 326
140 139 611
139 140 611
139 141 225
141 139 225
142 141 502
141 142 502
141 143 140
143 141 140
143 144 140
144 143 140
137 145 360
145 137 360
146 145 323
145 146 323
145 147 70
147 145 70
147 148 379
148 147 379
149 134 344
134 149 344
134 133 410
133 134 410
150 133 286
133 150 286
148 138 394
138 148 394
146 138 663
138 146 663
151 142 70
142 151 70
152 151 223
151 152 223
153 151 334
151 153 334
140 146 565
146 140 565
152 140 260
140 152 260
154 152 258
152 154 258
155 152 878
152 155 878
136 154 303
154 136 303
156 154 925
154 156 925
157 150 223
150 157 223
158 150 925
150 158 925
159 157 251
157 159 251
160 157 515
157 160 515
161 159 429
159 161 429
162 159 223
159 162 223
100 128 619
128 100 619
128 163 128
163 128 128
163 164 136
164 163 136
165 164 175
164 165 175
99 163 333
163 99 333
164 130 51
130 164 51
166 165 425
165 166 425
167 165 540
165 167 540
168 99 334
99 168 334
169 103 871
103 169 871
168 95 864
95 168 864
104 170 222
170 104 222
171 168 280
168 171 280
172 104 194
104 172 194
173 104 287
104 173 287
172 93 886
93 172 886
119 172 222
172 119 222
174 166 249
166 174 249
166 167 515
167 166 515
175 176 463
176 175 463
174 171 197
171 174 197
173 171 438
171 173 438
177 174 99
174 177 99
175 174 128
174 175 128
178 177 357
177 178 357
179 177 343
177 179 343
177 175 115
175 177 115
178 173 252
173 178 252
180 173 422
173 180 422
181 178 416
178 181 416
182 179 233
179 182 233
183 182 316
182 183 316
116 119 334
119 116 334
180 119 280
119 180 280
184 116 250
116 184 250
185 116 518
116 185 518
186 184 278
184 186 278
187 184 540
184 187 540
127 186 250
186 127 250
188 186 561
186 188 561
125 124 298
124 125 298
189 124 367
124 189 367
190 125 259
125 190 259
191 125 231
125 191 231
189 127 250
127 189 250
192 127 540
127 192 540
190 189 277
189 190 277
193 189 540
189 193 540
194 190 496
190 194 496
195 190 223
190 195 223
181 180 259
180 181 259
196 181 83
181 196 83
183 181 431
181 183 431
197 196 140
196 197 140
198 196 275
196 198 275
185 197 113
197 185 113
199 197 175
197 199 175
187 185 250
185 187 250
188 187 277
187 188 277
200 187 175
187 200 175
192 188 250
188 192 250
201 188 561
188 201 561
202 199 138
199 202 138
198 199 51
199 198 51
203 198 286
198 203 286
200 202 222
202 200 222
204 202 346
202 204 346
205 200 388
200 205 388
193 192 278
192 193 278
206 192 324
192 206 324
194 193 253
193 194 253
207 194 113
194 207 113
208 194 108
194 208 108
209 207 154
207 209 154
210 207 389
207 210 389
211 207 360
207 211 360
212 206 119
206 212 119
213 206 108
206 213 108
214 212 198
212 214 198
215 212 189
212 215 189
216 193 153
193 216 153
217 216 93
216 217 93
214 216 90
216 214 90
208 217 233
217 208 233
218 217 514
217 218 514
207 208 140
208 207 140
217 214 70
214 217 70
149 130 844
130 149 844
167 149 344
149 167 344
158 149 225
149 158 225
219 158 103
158 219 103
176 219 386
219 176 386
219 160 524
160 219 524
220 176 404
176 220 404
221 220 292
220 221 292
161 160 303
160 161 303
221 175 475
175 221 475
179 221 547
221 179 547
222 221 297
221 222 297
182 223 515
223 182 515
224 223 297
223 224 297
223 222 286
222 223 286
225 222 413
222 225 413
226 224 287
224 226 287
183 224 598
224 183 598
227 226 281
226 227 281
220 161 929
161 220 929
228 161 238
161 228 238
222 228 1054
228 222 1054
224 225 581
225 224 581
229 225 484
225 229 484
226 230 290
230 226 290
230 229 636
229 230 636
231 232 425
232 231 425
203 183 290
183 203 290
227 183 453
183 227 453
204 203 140
203 204 140
205 204 199
204 205 199
233 205 163
205 233 163
213 201 292
201 213 292
201 233 140
233 201 140
234 233 274
233 234 274
235 227 302
227 235 302
212 213 128
213 212 128
236 213 626
213 236 626
215 214 239
214 215 239
237 215 444
215 237 444
238 215 519
215 238 519
237 218 275
218 237 275
239 237 233
237 239 233
236 234 256
234 236 256
240 236 85
236 240 85
238 237 471
237 238 471
241 238 108
238 241 108
242 235 577
235 242 577
243 235 350
235 243 350
233 243 752
243 233 752
243 244 136
244 243 136
245 244 258
244 245 258
244 246 308
246 244 308
247 246 557
246 247 557
246 242 122
242 246 122
245 234 750
234 245 750
248 245 258
245 248 258
248 236 596
236 248 596
247 248 205
248 247 205
249 247 151
247 249 151
250 240 120
240 250 120
241 240 222
240 241 222
251 250 205
250 251 205
252 241 312
241 252 312
251 241 237
241 251 237
252 239 426
239 252 426
253 252 290
252 253 290
254 251 51
251 254 51
255 254 153
254 255 153
256 250 341
250 256 341
257 254 256
254 257 256
258 259 302
259 258 302
255 252 313
252 255 313
260 255 242
255 260 242
261 260 166
260 261 166
260 262 785
262 260 785
263 264 303
264 263 303
264 265 187
265 264 187
266 265 302
265 266 302
265 267 102
267 265 102
268 269 344
269 268 344
270 269 223
269 270 223
269 271 154
271 269 154
272 273 105
273 272 105
273 268 295
268 273 295
267 272 344
272 267 344
266 272 306
272 266 306
274 272 259
272 274 259
275 266 280
266 275 280
276 266 388
266 276 388
275 274 305
274 275 305
277 274 280
274 277 280
278 275 237
275 278 237
279 275 388
275 279 388
270 268 260
268 270 260
277 270 334
270 277 334
280 270 367
270 280 367
278 277 308
277 278 308
281 277 345
277 281 345
282 278 389
278 282 389
283 278 388
278 283 388
284 285 70
285 284 70
286 287 181
287 286 181
288 287 204
287 288 204
287 284 163
284 287 163
289 284 756
284 289 756
290 291 355
291 290 355
292 293 231
293 292 231
294 293 432
293 294 432
292 295 240
295 292 240
296 297 196
297 296 196
296 292 223
292 296 223
298 292 239
292 298 239
299 294 454
294 299 454
300 298 446
298 300 446
301 298 503
298 301 503
302 296 418
296 302 418
303 302 190
302 303 190
304 302 205
302 304 205
305 290 221
290 305 221
306 290 253
290 306 253
307 305 426
305 307 426
308 305 175
305 308 175
304 308 391
308 304 391
300 304 327
304 300 327
285 309 198
309 285 198
276 309 691
309 276 691
309 263 70
263 309 70
310 288 196
288 310 196
311 310 240
310 311 240
312 313 126
313 312 126
294 314 705
314 294 705
315 312 132
312 315 132
279 276 280
276 279 280
289 276 250
276 289 250
282 279 259
279 282 259
316 289 222
289 316 222
317 289 540
289 317 540
316 288 610
288 316 610
318 316 540
316 318 540
319 316 250
316 319 250
317 282 250
282 317 250
320 282 367
282 320 367
318 317 250
317 318 250
321 317 345
317 321 345
322 318 222
318 322 222
323 318 367
318 323 367
324 319 222
319 324 222
322 319 540
319 322 540
324 312 132
312 324 132
315 324 195
324 315 195
325 324 540
324 325 540
326 315 361
315 326 361
327 315 375
315 327 375
314 326 121
326 314 121
328 326 333
326 328 333
325 322 222
322 325 222
329 322 367
322 329 367
330 325 250
325 330 250
326 331 173
331 326 173
332 327 273
327 332 273
333 330 168
330 333 168
334 330 345
330 334 345
327 333 163
333 327 163
335 333 367
333 335 367
336 301 250
301 336 250
337 301 410
301 337 410
336 300 446
300 336 446
338 336 258
336 338 258
339 336 432
336 339 432
301 299 317
299 301 317
328 299 325
299 328 325
299 314 330
314 299 330
338 308 786
308 338 786
340 338 250
338 340 250
307 341 351
341 307 351
341 340 425
340 341 425
342 340 540
340 342 540
343 344 282
344 343 282
337 328 277
328 337 277
345 346 349
346 345 349
339 337 250
337 339 250
347 337 540
337 347 540
348 339 518
339 348 518
343 339 277
339 343 277
347 345 278
345 347 278
348 347 250
347 348 250
349 347 367
347 349 367
350 348 277
348 350 277
351 348 411
348 351 411
342 343 250
343 342 250
350 343 518
343 350 518
352 342 222
342 352 222
353 342 518
342 353 518
352 341 726
341 352 726
354 352 525
352 354 525
355 352 312
352 355 312
353 350 250
350 353 250
356 350 388
350 356 388
354 353 305
353 354 305
357 353 237
353 357 237
358 354 383
354 358 383
359 360 432
360 359 432
361 360 187
360 361 187
362 363 111
363 362 111
364 365 342
365 364 342
360 366 462
366 360 462
359 366 253
366 359 253
367 362 86
362 367 86
366 367 85
367 366 85
368 359 333
359 368 333
369 370 260
370 369 260
371 370 195
370 371 195
271 369 102
369 271 102
371 369 194
369 371 194
372 371 410
371 372 410
280 371 388
371 280 388
370 373 365
373 370 365
373 361 85
361 373 85
374 361 160
361 374 160
375 372 432
372 375 432
376 372 389
372 376 389
281 280 333
280 281 333
376 280 432
280 376 432
283 281 305
281 283 305
377 281 432
281 377 432
378 283 410
283 378 410
320 283 388
283 320 388
379 378 432
378 379 432
380 378 195
378 380 195
372 374 363
374 372 363
368 374 414
374 368 414
375 374 353
374 375 353
381 368 140
368 381 140
375 381 166
381 375 166
382 381 583
381 382 583
383 375 389
375 383 389
384 375 583
375 384 583
385 375 387
375 385 387
377 376 333
376 377 333
383 376 432
376 383 432
378 377 306
377 378 306
386 377 432
377 386 432
386 383 333
383 386 333
385 383 410
383 385 410
379 386 334
386 379 334
387 386 561
386 387 561
388 379 166
379 388 166
389 390 136
390 389 136
391 389 198
389 391 198
392 391 309
391 392 309
393 391 169
391 393 169
394 391 282
391 394 282
393 394 365
394 393 365
395 394 129
394 395 129
365 392 274
392 365 274
364 392 331
392 364 331
396 364 527
364 396 527
397 364 239
364 397 239
396 359 562
359 396 562
398 396 308
396 398 308
399 396 503
396 399 503
397 393 216
393 397 216
400 397 204
397 400 204
401 400 151
400 401 151
399 400 221
400 399 221
390 56 512
56 390 512
402 56 194
56 402 194
403 395 196
395 403 196
404 395 555
395 404 555
405 403 194
403 405 194
406 403 527
403 406 527
407 402 83
402 407 83
408 407 166
407 408 166
405 408 333
408 405 333
409 408 388
408 409 388
410 402 132
402 410 132
407 410 170
410 407 170
64 410 239
410 64 239
411 405 527
405 411 527
412 405 111
405 412 111
413 412 239
412 413 239
404 397 260
397 404 260
406 404 194
404 406 194
401 404 306
404 401 306
411 406 194
406 411 194
414 411 277
411 414 277
415 411 302
411 415 302
414 401 368
401 414 368
416 414 277
414 416 277
417 414 346
414 417 346
416 399 392
399 416 392
418 416 333
416 418 333
419 416 346
416 419 346
398 368 521
368 398 521
382 398 199
398 382 199
420 398 628
398 420 628
384 382 166
382 384 166
421 384 217
384 421 217
422 384 418
384 422 418
423 421 361
421 423 361
424 421 302
421 424 302
422 385 111
385 422 111
425 385 103
385 425 103
425 422 83
422 425 83
387 425 226
425 387 226
426 425 227
425 426 227
427 387 308
387 427 308
426 387 216
387 426 216
427 379 540
379 427 540
428 427 259
427 428 259
429 427 172
427 429 172
423 422 260
422 423 260
426 423 333
423 426 333
430 423 280
423 430 280
431 426 250
426 431 250
432 428 280
428 432 280
433 428 388
428 433 388
420 399 193
399 420 193
434 420 273
420 434 273
418 420 302
420 418 302
434 424 202
424 434 202
430 424 361
424 430 361
435 434 210
434 435 210
436 418 306
418 436 306
437 418 345
418 437 345
436 434 172
434 436 172
438 436 250
436 438 250
439 436 368
436 439 368
435 438 113
438 435 113
440 438 345
438 440 345
441 430 371
430 441 371
432 431 55
431 432 55
442 431 46
431 442 46
442 432 43
432 442 43
443 432 361
432 443 361
444 442 345
442 444 345
445 442 284
442 445 284
441 435 55
435 441 55
446 441 244
441 446 244
444 441 583
441 444 583
445 444 278
444 445 278
447 444 223
444 447 223
447 446 211
446 447 211
321 320 250
320 321 250
448 320 432
320 448 432
323 321 250
321 323 250
329 323 222
323 329 222
449 323 432
323 449 432
450 329 195
329 450 195
451 329 410
329 451 410
450 325 346
325 450 346
334 450 278
450 334 278
452 450 432
450 452 432
335 334 166
334 335 166
453 334 453
334 453 453
454 335 432
335 454 432
455 335 166
335 455 166
452 451 194
451 452 194
456 451 432
451 456 432
453 452 277
452 453 277
457 452 433
452 457 433
454 453 168
453 454 168
458 453 410
453 458 410
459 454 410
454 459 410
460 454 166
454 460 166
448 380 194
380 448 194
388 380 410
380 388 410
461 448 222
448 461 222
462 448 432
448 462 432
461 321 454
321 461 454
449 461 277
461 449 277
463 461 433
461 463 433
451 449 223
449 451 223
464 449 410
449 464 410
462 388 195
388 462 195
463 462 250
462 463 250
465 462 518
462 465 518
464 463 250
463 464 250
466 463 561
463 466 561
456 464 222
464 456 222
467 464 540
464 467 540
457 456 222
456 457 222
468 456 540
456 468 540
458 457 250
457 458 250
459 458 168
458 459 168
469 458 540
458 469 540
470 459 168
459 470 168
471 459 540
459 471 540
332 345 223
345 332 223
472 332 151
332 472 151
473 332 147
332 473 147
472 455 250
455 472 250
460 455 432
455 460 432
473 472 140
472 473 140
474 472 432
472 474 432
349 473 194
473 349 194
475 473 150
473 475 150
351 349 278
349 351 278
356 351 250
351 356 250
474 460 250
460 474 250
470 460 432
460 470 432
476 474 472
474 476 472
477 474 432
474 477 432
475 349 153
349 475 153
478 475 160
475 478 160
479 351 325
351 479 325
476 478 108
478 476 108
478 480 193
480 478 193
480 476 222
476 480 222
481 482 282
482 481 282
483 356 250
356 483 250
481 356 259
356 481 259
484 357 195
357 484 195
483 357 129
357 483 129
485 483 172
483 485 172
485 481 264
481 485 264
358 485 510
485 358 510
477 470 250
470 477 250
486 477 194
477 486 194
487 486 223
486 487 223
488 486 345
486 488 345
489 490 365
490 489 365
491 490 805
490 491 805
490 492 225
492 490 225
493 492 790
492 493 790
492 487 70
487 492 70
494 487 172
487 494 172
489 480 68
480 489 68
495 489 640
489 495 640
429 388 584
388 429 584
465 429 226
429 465 226
466 465 253
465 466 253
433 465 259
465 433 259
467 466 253
466 467 253
496 466 223
466 496 223
497 467 280
467 497 280
468 467 222
467 468 222
496 433 305
433 496 305
497 496 195
496 497 195
498 496 302
496 498 302
499 497 259
497 499 259
500 468 194
468 500 194
501 468 540
468 501 540
500 457 540
457 500 540
469 500 278
500 469 278
502 500 540
500 502 540
471 469 168
469 471 168
503 469 561
469 503 561
504 471 584
471 504 584
505 471 166
471 505 166
443 433 282
433 443 282
506 443 250
443 506 250
507 443 368
443 507 368
498 506 195
506 498 195
499 498 83
498 499 83
508 499 237
499 508 237
501 499 222
499 501 222
507 445 111
445 507 111
509 445 93
445 509 93
509 507 86
507 509 86
510 507 194
507 510 194
511 509 251
509 511 251
512 509 276
509 512 276
510 506 346
506 510 346
513 510 308
510 513 308
513 508 172
508 513 172
508 501 325
501 508 325
514 513 418
513 514 418
515 513 435
513 515 435
502 501 222
501 502 222
503 502 250
502 503 250
504 503 194
503 504 194
516 504 153
504 516 153
517 504 294
504 517 294
517 518 172
518 517 172
519 518 604
518 519 604
514 502 368
502 514 368
520 514 357
514 520 357
521 514 632
514 521 632
520 504 275
504 520 275
518 520 113
520 518 113
488 505 250
505 488 250
516 505 518
505 516 518
522 488 518
488 522 518
523 494 696
494 523 696
495 524 167
524 495 167
524 525 258
525 524 258
491 493 211
493 491 211
493 523 136
523 493 136
525 495 176
495 525 176
526 525 187
525 526 187
522 516 250
516 522 250
527 522 410
522 527 410
528 529 70
529 528 70
527 517 272
517 527 272
530 527 172
527 530 172
531 527 223
527 531 223
531 530 196
530 531 196
532 530 194
530 532 194
529 531 273
531 529 273
525 533 134
533 525 134
22 24 128
24 22 128
25 23 194
23 25 194
534 25 518
25 534 518
535 23 389
23 535 389
23 29 145
29 23 145
24 291 947
291 24 947
536 537 193
537 536 193
535 534 257
534 535 257
538 534 328
534 538 328
29 539 140
539 29 140
539 27 672
27 539 672
539 540 520
540 539 520
536 539 265
539 536 265
541 536 231
536 541 231
541 32 565
32 541 565
542 541 172
541 542 172
543 542 410
542 543 410
544 33 457
33 544 457
306 545 238
545 306 238
546 306 784
306 546 784
547 548 342
548 547 342
548 549 198
549 548 198
538 548 198
548 538 198
550 538 242
538 550 242
551 307 351
307 551 351
550 552 324
552 550 324
546 550 211
550 546 211
553 546 64
546 553 64
554 553 238
553 554 238
549 542 240
542 549 240
552 549 175
549 552 175
555 552 615
552 555 615
543 556 346
556 543 346
557 543 777
543 557 777
558 544 305
544 558 305
559 544 734
544 559 734
555 550 506
550 555 506
46 33 409
33 46 409
560 46 310
46 560 310
47 48 272
48 47 272
561 562 123
562 561 123
563 311 203
311 563 203
52 53 105
53 52 105
53 50 256
50 53 256
564 50 535
50 564 535
50 561 282
561 50 282
565 566 146
566 565 146
567 564 153
564 567 153
558 46 584
46 558 584
568 558 367
558 568 367
569 570 120
570 569 120
571 572 72
572 571 72
569 573 260
573 569 260
574 573 272
573 574 272
575 568 325
568 575 325
576 577 251
577 576 251
578 577 140
577 578 140
577 574 365
574 577 365
579 576 307
576 579 307
561 578 518
578 561 518
578 580 272
580 578 272
580 581 154
581 580 154
582 580 395
580 582 395
565 564 221
564 565 221
583 565 485
565 583 485
584 567 136
567 584 136
585 567 330
567 585 330
582 576 575
576 582 575
586 582 198
582 586 198
586 583 246
583 586 246
551 553 102
553 551 102
554 551 222
551 554 222
587 551 821
551 587 821
588 555 358
555 588 358
557 559 250
559 557 250
559 568 477
568 559 477
589 559 237
559 589 237
590 554 1210
554 590 1210
588 557 275
557 588 275
591 588 262
588 591 262
575 589 435
589 575 435
589 591 365
591 589 365
592 591 244
591 592 244
593 355 140
355 593 140
593 594 546
594 593 546
587 593 285
593 587 285
590 551 1395
551 590 1395
595 355 721
355 595 721
596 587 815
587 596 815
597 590 359
590 597 359
574 575 260
575 574 260
598 592 1335
592 598 1335
579 599 529
599 579 529
598 579 262
579 598 262
599 586 240
586 599 240
599 600 85
600 599 85
600 601 246
601 600 246
598 599 565
599 598 565
600 602 226
602 600 226
603 604 224
604 603 224
605 585 444
585 605 444
606 607 352
607 606 352
583 585 272
585 583 272
608 583 490
583 608 490
607 605 204
605 607 204
607 609 260
609 607 260
610 607 474
607 610 474
611 55 75
55 611 75
612 611 266
611 612 266
613 614 170
614 613 170
605 608 243
608 605 243
609 608 350
608 609 350
615 586 499
586 615 499
616 609 51
609 616 51
610 616 490
616 610 490
617 616 327
616 617 327
616 618 994
618 616 994
619 617 253
617 619 253
620 621 238
621 620 238
622 619 55
619 622 55
623 619 389
619 623 389
622 621 372
621 622 372
624 622 250
622 624 250
624 620 302
620 624 302
625 624 389
624 625 389
626 627 90
627 626 90
623 627 742
627 623 742
628 626 282
626 628 282
629 626 1000
626 629 1000
630 603 339
603 630 339
631 603 332
603 631 332
627 630 303
630 627 303
632 628 583
628 632 583
625 623 306
623 625 306
629 625 237
625 629 237
633 625 278
625 633 278
634 629 280
629 634 280
634 632 305
632 634 305
635 632 216
632 635 216
636 634 166
634 636 166
637 634 453
634 637 453
638 612 520
612 638 520
639 638 64
638 639 64
640 624 264
624 640 264
633 640 282
640 633 282
641 640 392
640 641 392
642 639 191
639 642 191
643 639 102
639 643 102
643 644 400
644 643 400
645 643 626
643 645 626
646 633 175
633 646 175
647 641 187
641 647 187
641 646 246
646 641 246
648 646 345
646 648 345
649 647 339
647 649 339
650 648 250
648 650 250
648 636 140
636 648 140
651 636 151
636 651 151
650 647 328
647 650 328
652 653 95
653 652 95
654 645 211
645 654 211
645 649 102
649 645 102
654 649 176
649 654 176
655 654 262
654 655 262
656 657 943
657 656 943
596 590 172
590 596 172
658 592 586
592 658 586
597 658 141
658 597 141
597 659 423
659 597 423
660 659 222
659 660 222
657 658 1084
658 657 1084
661 660 277
660 661 277
662 661 334
661 662 334
663 661 519
661 663 519
664 596 1052
596 664 1052
665 664 443
664 665 443
666 664 85
664 666 85
664 667 70
667 664 70
666 667 113
667 666 113
668 669 887
669 668 887
667 668 140
668 667 140
668 670 70
670 668 70
671 670 409
670 671 409
659 665 170
665 659 170
672 665 418
665 672 418
672 666 305
666 672 305
673 672 226
672 673 226
674 672 475
672 674 475
673 660 497
660 673 497
663 673 334
673 663 334
675 673 562
673 675 562
662 676 196
676 662 196
677 662 336
662 677 336
678 662 518
662 678 518
677 679 355
679 677 355
680 677 93
677 680 93
681 682 166
682 681 166
683 681 417
681 683 417
684 681 718
681 684 718
685 631 322
631 685 322
686 683 890
683 686 890
687 680 453
680 687 453
684 680 421
680 684 421
678 663 306
663 678 306
688 678 202
678 688 202
687 678 417
678 687 417
689 688 350
688 689 350
690 687 417
687 690 417
686 684 223
684 686 223
690 684 367
684 690 367
691 686 195
686 691 195
692 691 850
691 692 850
693 691 223
691 693 223
694 690 237
690 694 237
695 690 222
690 695 222
696 694 280
694 696 280
670 524 630
524 670 630
524 525 258
525 524 258
524 526 188
526 524 188
697 526 126
526 697 126
698 699 317
699 698 317
671 666 433
666 671 433
700 671 128
671 700 128
674 700 223
700 674 223
701 700 247
700 701 247
675 674 253
674 675 253
701 674 129
674 701 129
702 675 281
675 702 281
703 675 216
675 703 216
702 663 584
663 702 584
704 702 280
702 704 280
705 702 366
702 705 366
703 706 193
706 703 193
704 703 298
703 704 298
705 688 303
688 705 303
707 705 366
705 707 366
689 687 282
687 689 282
694 689 449
689 694 449
707 689 259
689 707 259
708 707 216
707 708 216
696 707 446
707 696 446
708 709 194
709 708 194
710 708 217
708 710 217
711 708 525
708 711 525
712 696 166
696 712 166
711 696 540
696 711 540
692 712 361
712 692 361
713 712 389
712 713 389
714 692 312
692 714 312
715 704 397
704 715 397
715 716 286
716 715 286
717 715 140
715 717 140
718 715 756
715 718 756
710 717 290
717 710 290
719 717 272
717 719 272
711 710 421
710 711 421
719 710 196
710 719 196
720 719 357
719 720 357
720 711 282
711 720 282
721 720 479
720 721 479
722 721 51
721 722 51
723 722 363
722 723 363
724 722 368
722 724 368
685 631 322
631 685 322
635 725 250
725 635 250
726 635 237
635 726 237
726 727 541
727 726 541
637 726 305
726 637 305
728 637 734
637 728 734
693 685 433
685 693 433
729 693 166
693 729 166
730 693 546
693 730 546
729 731 418
731 729 418
728 729 1471
729 728 1471
732 730 306
730 732 306
714 730 243
730 714 243
733 734 355
734 733 355
733 728 460
728 733 460
735 728 750
728 735 750
651 651 0
651 651 0
735 654 1305
654 735 1305
736 737 341
737 736 341
738 655 565
655 738 565
739 655 823
655 739 823
738 740 231
740 738 231
741 738 372
738 741 372
742 743 287
743 742 287
744 742 43
742 744 43
739 741 496
741 739 496
745 741 776
741 745 776
44 613 1994
613 44 1994
746 735 907
735 746 907
747 736 317
736 747 317
748 714 863
714 748 863
743 723 363
723 743 363
749 743 259
743 749 259
750 744 211
744 750 211
751 750 529
750 751 529
752 750 237
750 752 237
753 751 446
751 753 446
754 746 327
746 754 327
737 747 267
747 737 267
745 747 312
747 745 312
755 745 272
745 755 272
756 746 378
746 756 378
757 756 361
756 757 361
755 754 195
754 755 195
754 757 187
757 754 187
755 758 272
758 755 272
759 755 140
755 759 140
760 756 576
756 760 576
760 757 376
757 760 376
761 760 93
760 761 93
761 755 557
755 761 557
762 761 237
761 762 237
763 762 562
762 763 562
764 762 253
762 764 253
408 64 444
64 408 444
409 64 250
64 409 250
85 64 691
64 85 691
413 409 336
409 413 336
765 409 648
409 765 648
766 413 86
413 766 86
767 413 528
413 767 528
768 766 410
766 768 410
415 412 588
412 415 588
767 415 64
415 767 64
769 767 195
767 769 195
770 767 432
767 770 432
417 769 111
769 417 111
771 769 674
769 771 674
772 417 83
417 772 83
773 772 691
772 773 691
419 772 194
772 419 194
770 768 240
768 770 240
774 768 432
768 774 432
775 770 259
770 775 259
776 770 256
770 776 256
777 765 277
765 777 277
778 765 715
765 778 715
765 85 278
85 765 278
89 85 540
85 89 540
777 766 605
766 777 605
779 777 194
777 779 194
780 777 562
777 780 562
774 779 195
779 774 195
781 779 584
779 781 584
775 774 166
774 775 166
782 774 540
774 782 540
776 775 145
775 776 145
783 775 561
775 783 561
771 776 138
776 771 138
784 776 140
776 784 140
773 771 140
771 773 140
785 773 166
773 785 166
784 771 90
771 784 90
786 784 352
784 786 352
786 773 390
773 786 390
787 786 194
786 787 194
788 786 260
786 788 260
437 419 305
419 437 305
789 419 108
419 789 108
790 437 172
437 790 172
439 437 333
437 439 333
790 789 312
789 790 312
785 789 583
789 785 583
791 790 308
790 791 308
792 790 518
790 792 518
440 439 222
439 440 222
793 440 138
440 793 138
791 439 217
439 791 217
794 791 418
791 794 418
795 791 475
791 795 475
793 441 371
441 793 371
794 793 175
793 794 175
796 793 361
793 796 361
797 794 145
794 797 145
798 797 195
797 798 195
796 446 217
446 796 217
798 796 108
796 798 108
799 796 389
796 799 389
511 447 283
447 511 283
799 798 398
798 799 398
511 799 366
799 511 366
800 799 303
799 800 303
801 802 237
802 801 237
802 800 70
800 802 70
803 802 750
802 803 750
804 785 168
785 804 168
788 785 561
785 788 561
805 792 113
792 805 113
792 804 140
804 792 140
806 804 541
804 806 541
795 805 195
805 795 195
807 805 561
805 807 561
808 795 561
795 808 561
809 801 521
801 809 521
810 811 72
811 810 72
778 89 227
89 778 227
812 778 221
778 812 221
781 780 195
780 781 195
812 780 286
780 812 286
782 781 168
781 782 168
813 781 346
781 813 346
813 812 125
812 813 125
783 782 168
782 783 168
814 782 435
782 814 435
815 783 168
783 815 168
816 783 499
783 816 499
815 784 504
784 815 504
787 815 223
815 787 223
817 815 610
815 817 610
818 787 674
787 818 674
788 787 195
787 788 195
814 813 136
813 814 136
816 814 125
814 816 125
817 816 141
816 817 141
818 817 158
817 818 158
123 89 691
89 123 691
819 123 281
123 819 281
819 778 585
778 819 585
820 819 317
819 820 317
821 819 324
819 821 324
126 123 303
123 126 303
821 126 312
126 821 312
191 126 605
126 191 605
820 812 542
812 820 542
822 820 204
820 822 204
823 820 367
820 823 367
822 813 519
813 822 519
824 822 410
822 824 410
825 822 187
822 825 187
823 821 331
821 823 331
826 821 648
821 826 648
824 823 222
823 824 222
827 823 626
823 827 626
828 824 238
824 828 238
825 814 542
814 825 542
829 825 199
825 829 199
828 825 414
825 828 414
830 818 79
818 830 79
831 832 346
832 831 346
830 832 455
832 830 455
829 816 497
816 829 497
832 829 172
829 832 172
833 829 453
829 833 453
834 831 545
831 834 545
806 788 194
788 806 194
835 788 607
788 835 607
836 788 691
788 836 691
807 806 223
806 807 223
808 807 195
807 808 195
837 808 325
808 837 325
837 835 140
835 837 140
838 835 119
835 838 119
838 837 70
837 838 70
839 838 281
838 839 281
840 838 272
838 840 272
841 839 335
839 841 335
842 839 178
839 842 178
843 839 546
839 843 546
839 840 140
840 839 140
844 840 410
840 844 410
845 810 350
810 845 350
841 845 172
845 841 172
846 845 425
845 846 425
845 847 317
847 845 317
848 841 141
841 848 141
846 849 62
849 846 62
850 846 59
846 850 59
809 846 93
846 809 93
850 809 121
809 850 121
851 850 305
850 851 305
852 850 648
850 852 648
849 848 126
848 849 126
853 848 216
848 853 216
854 849 132
849 854 132
855 854 540
854 855 540
856 842 178
842 856 178
857 842 440
842 857 440
856 841 418
841 856 418
858 856 277
856 858 277
854 853 242
853 854 242
858 853 280
853 858 280
855 858 119
858 855 119
835 836 607
836 835 607
836 830 43
830 836 43
834 830 244
830 834 244
840 834 288
834 840 288
844 834 266
834 844 266
859 844 86
844 859 86
860 844 93
844 860 93
860 859 111
859 860 111
843 860 163
860 843 163
861 860 93
860 861 93
859 862 199
862 859 199
852 855 199
855 852 199
863 858 350
858 863 350
864 863 119
863 864 119
865 863 388
863 865 388
861 843 108
843 861 108
857 843 172
843 857 172
866 861 119
861 866 119
863 857 306
857 863 306
866 857 216
857 866 216
865 866 227
866 865 227
864 855 350
855 864 350
867 864 250
864 867 250
868 864 440
864 868 440
512 511 150
511 512 150
512 513 377
513 512 377
515 512 181
512 515 181
869 515 164
515 869 164
870 800 250
800 870 250
870 511 376
511 870 376
871 870 500
870 871 500
871 515 223
515 871 223
803 871 90
871 803 90
872 803 166
803 872 166
873 803 256
803 873 256
530 874 257
874 530 257
875 874 111
874 875 111
874 519 80
519 874 80
876 519 239
519 876 239
877 869 119
869 877 119
521 878 75
878 521 75
877 521 39
521 877 39
879 877 62
877 879 62
880 877 57
877 880 57
878 879 93
879 878 93
881 879 62
879 881 62
869 872 238
872 869 238
872 882 175
882 872 175
880 883 39
883 880 39
884 880 47
880 884 47
879 884 121
884 879 121
519 878 211
878 519 211
885 876 172
876 885 172
886 876 138
876 886 138
876 881 281
881 876 281
887 881 46
881 887 46
885 887 158
887 885 158
888 887 272
887 888 272
889 885 109
885 889 109
882 873 46
873 882 46
873 890 171
890 873 171
891 890 55
890 891 55
892 873 140
873 892 140
893 892 226
892 893 226
894 892 561
892 894 561
892 891 70
891 892 70
890 895 241
895 890 241
895 896 75
896 895 75
897 898 89
898 897 89
891 897 550
897 891 550
851 897 175
897 851 175
899 882 117
882 899 117
893 899 292
899 893 292
900 893 226
893 900 226
901 893 475
893 901 475
900 884 282
884 900 282
888 900 308
900 888 308
902 900 519
900 902 519
903 888 111
888 903 111
904 888 540
888 904 540
903 885 175
885 903 175
905 903 519
903 905 519
906 903 166
903 906 166
905 904 140
904 905 140
907 904 475
904 907 475
908 905 168
905 908 168
909 905 496
905 909 496
532 875 222
875 532 222
910 911 307
911 910 307
886 875 325
875 886 325
912 913 113
913 912 113
914 912 285
912 914 285
906 889 86
889 906 86
910 915 64
915 910 64
916 917 200
917 916 200
908 906 497
906 908 497
918 910 198
910 918 198
919 910 540
910 919 540
920 921 154
921 920 154
922 918 432
918 922 432
919 908 223
908 919 223
923 908 518
908 923 518
922 919 277
919 922 277
924 919 475
919 924 475
925 920 477
920 925 477
926 920 352
920 926 352
927 922 496
922 927 496
928 914 312
914 928 312
929 914 513
914 929 513
926 930 102
930 926 102
931 926 257
926 931 257
929 932 153
932 929 153
933 933 0
933 933 0
934 851 250
851 934 250
894 934 222
934 894 222
935 934 453
934 935 453
936 894 410
894 936 410
901 894 226
894 901 226
937 852 272
852 937 272
867 852 388
852 867 388
937 851 540
851 937 540
935 937 285
937 935 285
938 937 497
937 938 497
936 935 226
935 936 226
939 936 231
936 939 231
940 936 604
936 940 604
902 901 250
901 902 250
939 901 518
901 939 518
904 902 278
902 904 278
941 902 496
902 941 496
907 941 281
941 907 281
942 939 268
939 942 268
943 939 562
939 943 562
942 941 175
941 942 175
944 942 331
942 944 331
945 942 376
942 945 376
909 907 138
907 909 138
944 907 345
907 944 345
946 909 496
909 946 496
923 909 166
909 923 166
938 867 277
867 938 277
947 867 521
867 947 521
948 938 222
938 948 222
949 938 672
938 949 672
948 935 562
935 948 562
940 948 250
948 940 250
950 948 760
948 950 760
943 940 250
940 943 250
951 940 648
940 951 648
946 944 205
944 946 205
952 946 111
946 952 111
953 946 187
946 953 187
945 943 281
943 945 281
954 943 604
943 954 604
952 945 389
945 952 389
953 952 140
952 953 140
955 956 134
956 955 134
924 923 223
923 924 223
953 923 583
923 953 583
927 924 278
924 927 278
957 924 691
924 957 691
958 927 250
927 958 250
959 927 756
927 959 756
960 958 888
958 960 888
961 958 496
958 961 496
960 931 388
931 960 388
962 931 198
931 962 198
963 960 216
960 963 216
964 960 277
960 964 277
965 963 648
963 965 648
966 963 316
963 966 316
967 961 237
961 967 237
968 961 306
961 968 306
957 953 264
953 957 264
959 957 264
957 959 264
969 959 440
959 969 440
963 970 316
970 963 316
971 970 199
970 971 199
972 971 254
971 972 254
965 972 249
972 965 249
973 972 345
972 973 345
974 965 432
965 974 432
975 965 223
965 975 223
826 191 324
191 826 324
976 195 472
195 976 472
209 195 432
195 209 432
976 826 172
826 976 172
827 976 128
976 827 128
977 827 373
827 977 373
978 827 376
827 978 376
977 828 141
828 977 141
833 977 62
977 833 62
979 977 409
977 979 409
831 833 164
833 831 164
862 979 1100
979 862 1100
980 981 477
981 980 477
982 978 212
978 982 212
983 978 259
978 983 259
979 982 240
982 979 240
984 982 226
982 984 226
984 979 223
979 984 223
981 985 244
985 981 244
986 981 420
981 986 420
827 209 701
209 827 701
987 210 278
210 987 278
987 827 331
827 987 331
988 987 259
987 988 259
983 987 409
987 983 409
211 210 275
210 211 275
988 211 463
211 988 463
989 990 19
990 989 19
991 988 172
988 991 172
984 983 436
983 984 436
992 984 268
984 992 268
993 984 363
984 993 363
994 985 514
985 994 514
992 985 85
985 992 85
995 992 260
992 995 260
996 983 388
983 996 388
997 998 69
998 997 69
999 1000 43
1000 999 43
1001 993 282
993 1001 282
995 1002 238
1002 995 238
1003 980 145
980 1003 145
986 980 191
980 986 191
1004 986 233
986 1004 233
994 986 187
986 994 187
1005 859 371
859 1005 371
1006 1005 391
1005 1006 391
1004 862 371
862 1004 371
1005 1004 199
1004 1005 199
1007 1008 312
1008 1007 312
1009 1005 478
1005 1009 478
1009 994 366
994 1009 366
1010 1009 93
1009 1010 93
1011 1010 250
1010 1011 250
1012 1010 367
1010 1012 367
1006 866 251
866 1006 251
1011 1006 561
1006 1011 561
868 865 141
865 868 141
1013 865 648
865 1013 648
947 868 158
868 947 158
1013 1011 388
1011 1013 388
1014 1011 562
1011 1014 562
1015 1013 195
1013 1015 195
1016 1013 777
1013 1016 777
1017 1018 86
1018 1017 86
1018 947 418
947 1018 418
1019 995 336
995 1019 336
1012 1019 361
1019 1012 361
1020 1019 294
1019 1020 294
1014 1012 339
1012 1014 339
1021 1020 472
1020 1021 472
1017 1015 138
1015 1017 138
1022 1017 151
1017 1022 151
1023 1022 352
1022 1023 352
1024 1014 275
1014 1024 275
1021 1014 111
1014 1021 111
1025 1021 259
1021 1025 259
218 211 242
211 218 242
991 218 581
218 991 581
1026 991 172
991 1026 172
1026 239 504
239 1026 504
1027 1026 144
1026 1027 144
956 1028 201
1028 956 201
1029 1030 221
1030 1029 221
1031 1001 927
1001 1031 927
1032 253 555
253 1032 555
1032 1027 187
1027 1032 187
1033 1032 172
1032 1033 172
1034 1032 722
1032 1034 722
261 253 286
253 261 286
1033 261 611
261 1033 611
1035 1027 727
1027 1035 727
1034 1035 194
1035 1034 194
1036 1034 86
1034 1036 86
1020 1037 397
1037 1020 397
1037 1037 0
1037 1037 0
1038 1020 302
1020 1038 302
1025 1038 361
1038 1025 361
1016 1024 223
1024 1016 223
1039 1024 426
1024 1039 426
1040 1025 51
1025 1040 51
1041 1040 292
1040 1041 292
1042 1016 86
1016 1042 86
1039 1016 350
1016 1039 350
1042 1015 785
1015 1042 785
1043 1042 528
1042 1043 528
1044 1040 132
1040 1044 132
1044 1044 0
1044 1044 0
1045 1039 285
1039 1045 285
1046 1039 518
1039 1046 518
1047 1045 521
1045 1047 521
1031 1033 1382
1033 1031 1382
1048 1038 546
1038 1048 546
1049 1031 876
1031 1049 876
1047 1046 83
1046 1047 83
1050 1046 654
1046 1050 654
949 947 210
947 949 210
1051 951 251
951 1051 251
954 951 223
951 954 223
950 949 176
949 950 176
1052 949 231
949 1052 231
1053 1052 325
1052 1053 325
1051 950 204
950 1051 204
1054 1051 216
1051 1054 216
917 1051 221
1051 917 221
1055 945 392
945 1055 392
1056 1055 108
1055 1056 108
1057 954 211
954 1057 211
1055 1057 141
1057 1055 141
1057 1056 59
1056 1057 59
1058 1053 199
1053 1058 199
1059 1053 280
1053 1059 280
1054 1058 394
1058 1054 394
1060 1058 324
1058 1060 324
1061 1054 108
1054 1061 108
1062 1063 604
1063 1062 604
1059 1023 166
1023 1059 166
1043 1023 313
1023 1043 313
1060 1059 194
1059 1060 194
917 1056 543
1056 917 543
1064 916 293
916 1064 293
1065 969 126
969 1065 126
1066 969 209
969 1066 209
1065 1067 544
1067 1065 544
973 1065 443
1065 973 443
1066 1065 153
1065 1066 153
1068 1066 605
1066 1068 605
1069 973 145
973 1069 145
1070 973 918
973 1070 918
974 1069 119
1069 974 119
1071 1069 271
1069 1071 271
1072 974 278
974 1072 278
1073 1074 324
1074 1073 324
1075 1071 140
1071 1075 140
1076 1064 164
1064 1076 164
1077 1064 302
1064 1077 302
1076 1078 566
1078 1076 566
1079 1076 216
1076 1079 216
1080 1076 525
1076 1080 525
1081 1079 210
1079 1081 210
1082 1079 519
1079 1082 519
1083 1068 818
1068 1083 818
1073 1071 426
1071 1073 426
1084 1068 503
1068 1084 503
1070 1073 380
1073 1070 380
1085 1070 578
1070 1085 578
1043 1059 282
1059 1043 282
1086 1043 556
1043 1086 556
1087 1043 713
1043 1087 713
1086 1061 543
1061 1086 543
1088 1086 822
1086 1088 822
1080 1089 472
1089 1080 472
1062 1088 435
1088 1062 435
1088 1087 589
1087 1088 589
1090 1047 70
1047 1090 70
1091 1090 222
1090 1091 222
1092 1088 280
1088 1092 280
1091 1087 260
1087 1091 260
1093 1091 324
1091 1093 324
1094 1091 253
1091 1094 253
1095 1096 382
1096 1095 382
1092 1094 366
1094 1092 366
1094 1097 282
1097 1094 282
1098 1099 476
1099 1098 476
1100 1081 605
1081 1100 605
1084 1081 37
1081 1084 37
1101 1082 265
1082 1101 265
1082 1080 272
1080 1082 272
1100 1101 195
1101 1100 195
1102 1100 119
1100 1102 119
1103 1100 302
1100 1103 302
1083 1084 336
1084 1083 336
1102 1084 650
1084 1102 650
1085 1083 238
1083 1085 238
1102 1104 334
1104 1102 334
1105 1102 432
1102 1105 432
1106 1085 289
1085 1106 289
1107 1108 115
1108 1107 115
1103 1109 172
1109 1103 172
1107 1110 161
1110 1107 161
1110 1107 161
1107 1110 161
1104 1105 136
1105 1104 136
1111 1103 530
1103 1111 530
1112 1105 313
1105 1112 313
697 1113 669
1113 697 669
1114 698 160
698 1114 160
1115 698 657
698 1115 657
1116 1114 218
1114 1116 218
1117 1118 191
1118 1117 191
1116 1119 128
1119 1116 128
1120 1116 250
1116 1120 250
928 1121 191
1121 928 191
1122 928 366
928 1122 366
1123 1122 586
1122 1123 586
1115 1122 644
1122 1115 644
1124 929 265
929 1124 265
929 933 155
933 929 155
1125 1126 278
1126 1125 278
1120 1115 555
1115 1120 555
1127 1125 397
1125 1127 397
1128 1125 237
